United_States_09d4:  0.0010536895282195387
2006:  9.747476951720468E-4
United_Kingdom_5ad7:  5.386421744725589E-4
2005:  4.53936872728234E-4
Biography:  3.8307073123498213E-4
France:  3.4731055861474624E-4
England:  3.4522020339047225E-4
Canada:  3.300336014644149E-4
2004:  3.200369813314975E-4
Germany:  3.016317482282253E-4
Australia:  2.75352661479081E-4
India:  2.582408106633031E-4
2003:  2.5336661323952544E-4
Japan:  2.4251834984754107E-4
Geographic_coordinate_system:  2.1971322631715056E-4
Italy:  2.1501253865354768E-4
Internet_Movie_Database_7ea7:  2.1009493901645758E-4
2002:  2.0698284352624108E-4
2001:  2.0396955863792498E-4
Europe:  2.0163366733447037E-4
London:  1.9073469428723837E-4
World_War_II_d045:  1.8631261302942543E-4
2000:  1.840206098889639E-4
Record_label:  1.804332244787803E-4
English_language:  1.7653755067307316E-4
1999:  1.7315274624915368E-4
Spain:  1.7223300633700673E-4
Wiktionary:  1.699566547162186E-4
Russia:  1.636285383898102E-4
Music_genre:  1.518268303417644E-4
Wikimedia_Commons_7b57:  1.5127854775750732E-4
1998:  1.4994607752877065E-4
Football_(soccer):  1.433393973245959E-4
1997:  1.425673015010558E-4
Scotland:  1.3844263705762715E-4
Television:  1.346843600907152E-4
Sweden:  1.3439114215389354E-4
1996:  1.326985860307239E-4
New_York_City_1428:  1.3043538291118635E-4
1995:  1.2626375279739394E-4
China:  1.2480920383123938E-4
Netherlands:  1.2185520783497464E-4
1994:  1.2048442316747488E-4
New_Zealand_2311:  1.1863534773419481E-4
1991:  1.1494277239527325E-4
Public_domain:  1.1458177359541244E-4
Scientific_classification:  1.1404566478786986E-4
1993:  1.1403425802299908E-4
1990:  1.1186712284315937E-4
California:  1.1166500002639193E-4
Film:  1.1141904475000256E-4
Actor:  1.102721460813951E-4
1992:  1.0930719865493796E-4
Poland:  1.0763173489896846E-4
Norway:  1.063714689074772E-4
Population_density:  1.0602261687629597E-4
Ireland:  1.043890690441676E-4
1989:  1.0244401080987395E-4
Latin:  1.0235478846150315E-4
Brazil:  1.0058998935144309E-4
1980:  9.896944731565784E-5
January_1:  9.869113045162882E-5
Album:  9.730053882874919E-5
1986:  9.724069943605147E-5
New_York_3da4:  9.666738370030173E-5
Politician:  9.608201706592814E-5
Mexico:  9.594582657497062E-5
French_language:  9.576727283366687E-5
Record_producer:  9.549546679944901E-5
1985:  9.501850408449496E-5
1982:  9.459418586651086E-5
1979:  9.438177023233195E-5
1981:  9.411168592931413E-5
Paris:  9.408584670626314E-5
1984:  9.281392776893489E-5
1983:  9.246873067424363E-5
1987:  9.246021500839021E-5
1974:  9.237626654883038E-5
South_Africa_1287:  9.178604180887902E-5
Switzerland:  9.079577361505942E-5
Personal_name:  9.042285852931988E-5
1988:  9.040235316441634E-5
1970:  8.957904778988453E-5
1976:  8.950652498674797E-5
1975:  8.873279803260922E-5
Animal:  8.832745342105989E-5
Soviet_Union_ad1f:  8.781725161912768E-5
Greece:  8.770261741221979E-5
1945:  8.717669622760933E-5
1969:  8.691958893279049E-5
1972:  8.66156544038222E-5
1977:  8.630722603877652E-5
1978:  8.600470338267009E-5
Portugal:  8.517152849655552E-5
Austria:  8.439110840993373E-5
1973:  8.435518811491949E-5
Studio_album:  8.421852228247513E-5
Iran:  8.357296772018084E-5
Denmark:  8.347051581970005E-5
1971:  8.278672109717845E-5
