United_States_09d4:  0.005458351352856293
Wikimedia_Commons_7b57:  0.004365927492811352
Country:  0.0035433989688555606
England:  0.0024407253491515795
Germany:  0.0023809651253248244
Europe:  0.002376637248554111
United_Kingdom_5ad7:  0.0023679249857932274
Water:  0.0023371693279392106
France:  0.0023083966644495187
Animal:  0.002247760926708638
Earth:  0.0022097515921970915
City:  0.0020789290382824607
Week:  0.0018251695235291133
Asia:  0.0017575203048763915
Wiktionary:  0.0017081886805031
Sunday:  0.0016989365027587884
Monday:  0.0016729927772312484
Money:  0.0016679759859938876
Plant:  0.0016583072118842553
Wednesday:  0.001657531881654813
Friday:  0.0016177020974040028
Computer:  0.001610524372712971
Saturday:  0.0015994526544411134
English_language:  0.0015952802116620318
Thursday:  0.0015788453603585554
Italy:  0.0015752137766022205
Tuesday:  0.0015675384087696304
India:  0.0015460420315318438
Government:  0.0015114025519524339
Number:  0.0014541077076003323
Spain:  0.0014199002592347367
Japan:  0.0013816755155036744
Day:  0.001336594584541612
People:  0.001314821905928574
Canada:  0.0013052590569882653
Human:  0.0013016762493325501
Wikimedia_Foundation_83d9:  0.001258468032999788
China:  0.0012449984539525997
Energy:  0.001219837304181776
Australia:  0.0012182500526570304
Food:  0.0012037604875280911
Science:  0.001179393463618545
Sun:  0.0011767638589870167
Mathematics:  0.0011709791915695347
index:  0.0011491499722276948
Television:  0.001117151880936274
Russia:  0.0010797140725622724
Music:  0.0010545668804916735
Year:  0.0010333828771668966
State:  0.0010300302581225974
Greece:  0.0010204693318833001
Language:  0.0010189503562045607
Capital_(city):  0.0010158517836664663
Scotland:  0.0010095119197330198
Metal:  9.901845957727999E-4
Wikipedia:  9.820742423295E-4
2004:  9.69800974033915E-4
Greek_language:  9.691041095275052E-4
London:  9.416007566927337E-4
Planet:  9.414039576193629E-4
Sound:  9.408390439254908E-4
Religion:  9.362983323975534E-4
Africa:  9.19530032174076E-4
Poland:  8.78267425375345E-4
20th_century:  8.691324817957274E-4
Geography:  8.626849781417545E-4
Law:  8.606866706063362E-4
Liquid:  8.564718543578831E-4
19th_century:  8.48754270783759E-4
World:  8.443068589640385E-4
Scientist:  8.337257210208316E-4
Society:  8.296480233459732E-4
Atom:  8.030029246576257E-4
History:  8.011747465506352E-4
Latin:  8.0029123897156E-4
Sweden:  7.981434947455812E-4
Light:  7.912789822080848E-4
War:  7.876680635409976E-4
Netherlands:  7.861933365863827E-4
Culture:  7.755963053692902E-4
God:  7.590794898430814E-4
Building:  7.554068306302891E-4
Turkey:  7.536018919083421E-4
Inhabitant:  7.464825122008327E-4
Plural:  7.44981035186368E-4
Information:  7.426612302161724E-4
Centuries:  7.327148962651551E-4
Portugal:  7.261256490071358E-4
Chemical_element:  7.257394886785997E-4
Denmark:  7.115370055190203E-4
Austria:  7.083242607692868E-4
Cyprus:  6.961411976910087E-4
Species:  6.950367104677497E-4
Book:  6.930899429413559E-4
Disease:  6.909513443532878E-4
University:  6.90131919762503E-4
Ocean:  6.892400615551847E-4
Biology:  6.863661383322514E-4
Capital_city:  6.862677397560723E-4
North_America_e7c4:  6.70863994035089E-4
