United_States_09d4:  0.0010536939905134426
2006:  9.747579674901686E-4
United_Kingdom_5ad7:  5.386413318140136E-4
2005:  4.5394144262514094E-4
Biography:  3.830728323570883E-4
France:  3.473449754962544E-4
England:  3.452202743716683E-4
Canada:  3.3003713557084495E-4
2004:  3.200541966514177E-4
Germany:  3.01630334742705E-4
Australia:  2.7535633254740415E-4
India:  2.5824070657265636E-4
2003:  2.5336525808249393E-4
Japan:  2.4251925952166725E-4
Geographic_coordinate_system:  2.1973264697898554E-4
Italy:  2.1500615203280058E-4
Internet_Movie_Database_7ea7:  2.1009800080950115E-4
2002:  2.0697836373093412E-4
2001:  2.0396599430060958E-4
Europe:  2.0162488610539657E-4
London:  1.9073588386590195E-4
World_War_II_d045:  1.863119486650526E-4
2000:  1.8402136240460842E-4
Record_label:  1.8043661540233894E-4
English_language:  1.7653984772119597E-4
1999:  1.7315254902098125E-4
Spain:  1.7224956496221812E-4
Wiktionary:  1.699562271863979E-4
Russia:  1.6362631294839392E-4
Music_genre:  1.5182593813075962E-4
Wikimedia_Commons_7b57:  1.5127886352876916E-4
1998:  1.4994781819227648E-4
Football_(soccer):  1.4333911208236263E-4
1997:  1.4256808756272823E-4
Scotland:  1.384408812520806E-4
Television:  1.3468433604899762E-4
Sweden:  1.3437018468948119E-4
1996:  1.3270122395983873E-4
New_York_City_1428:  1.3043574665742958E-4
1995:  1.2626430279803397E-4
China:  1.2481210931995294E-4
Netherlands:  1.2185633036122897E-4
1994:  1.2048579555935533E-4
New_Zealand_2311:  1.1863468099114277E-4
1991:  1.1494369956951175E-4
Public_domain:  1.1457789384480263E-4
Scientific_classification:  1.1404557790304059E-4
1993:  1.1403605865047653E-4
1990:  1.1186707504743562E-4
California:  1.11665484350808E-4
Film:  1.1142130077885522E-4
Actor:  1.1027309704843786E-4
1992:  1.0930890373540974E-4
Poland:  1.0763270759197362E-4
Norway:  1.0636305334209674E-4
Population_density:  1.0602831250339867E-4
Ireland:  1.0438589316113348E-4
1989:  1.0244030025542007E-4
Latin:  1.0235311410087214E-4
Brazil:  1.0058667300631691E-4
1980:  9.897053046778806E-5
January_1:  9.869596404619758E-5
Album:  9.72967866527745E-5
1986:  9.724100648146092E-5
New_York_3da4:  9.666618886664005E-5
Politician:  9.608213631679541E-5
Mexico:  9.59469776522104E-5
French_language:  9.577369459828875E-5
Record_producer:  9.549802185121947E-5
1985:  9.501754616629931E-5
1982:  9.459454172732375E-5
1979:  9.438137537952552E-5
1981:  9.41126011919947E-5
Paris:  9.408924506016121E-5
1984:  9.281405996822016E-5
1983:  9.24738205063337E-5
1987:  9.2463216594094E-5
1974:  9.237639580515156E-5
South_Africa_1287:  9.178820701323154E-5
Switzerland:  9.07953629605519E-5
Personal_name:  9.041611721540273E-5
1988:  9.040300442141135E-5
1970:  8.958028917040432E-5
1976:  8.95077796596693E-5
1975:  8.873284702280955E-5
Animal:  8.832730522712643E-5
Soviet_Union_ad1f:  8.781650740953538E-5
Greece:  8.769893247337113E-5
1945:  8.717754567817742E-5
1969:  8.691885280312614E-5
1972:  8.662053542128384E-5
1977:  8.630763387051064E-5
1978:  8.600580565214447E-5
Portugal:  8.516887888497277E-5
Austria:  8.438784043968752E-5
1973:  8.43559377304829E-5
Studio_album:  8.421747625344823E-5
Iran:  8.357373146469447E-5
Denmark:  8.345085518239304E-5
1971:  8.278728807727276E-5
